exp. data... 
start... 
Elapsed time is 0.000208 seconds.
check inputs... 
Elapsed time is 0.077904 seconds.

t_equil_i =

     7

equlibrium point... 
Elapsed time is 0.652239 seconds.
animation... 
Elapsed time is 0.664332 seconds.

t_equil_i =

     0

equlibrium point... 
Elapsed time is 0.871765 seconds.
animation... 
Elapsed time is 0.872662 seconds.
dynamic sim... 
Elapsed time is 0.962999 seconds.
generate EOM_mex... 
Elapsed time is 0.970637 seconds.
mex file generated. continue... 
Elapsed time is 40.428686 seconds.

t_start_end =

   7.0000e+00   5.4650e+01


t =

   7.0000e+00


t =

   8.0000e+00


t =

   9.0074e+00


t =

   1.0009e+01


t =

   1.1011e+01


t =

   1.2020e+01


t =

   1.3021e+01


t =

   1.4022e+01


t =

   1.5022e+01


t =

   1.6027e+01


t =

   1.7027e+01


t =

   1.8030e+01


t =

   1.9040e+01


t =

   2.0051e+01


t =

   2.1059e+01


t =

   2.2067e+01


t =

   2.3068e+01


t =

   2.4079e+01


t =

   2.5091e+01


t =

   2.6094e+01


t =

   2.7098e+01


t =

   2.8099e+01


t =

   2.9101e+01


t =

   3.0103e+01


t =

   3.1104e+01


t =

   3.2109e+01


t =

   3.3125e+01


t =

   3.4127e+01


t =

   3.5129e+01


t =

   3.6132e+01


t =

   3.7137e+01


t =

   3.8141e+01


t =

   3.9147e+01


t =

   4.0148e+01


t =

   4.1150e+01


t =

   4.2151e+01


t =

   4.3151e+01


t =

   4.4154e+01


t =

   4.5156e+01


t =

   4.6161e+01


t =

   4.7162e+01


t =

   4.8185e+01


t =

   4.9188e+01


t =

   5.0190e+01


t =

   5.1199e+01


t =

   5.2199e+01


t =

   5.3201e+01


t =

   5.4204e+01

animation... 
Elapsed time is 91.354333 seconds.
sim. end... 
post-processing... 
Elapsed time is 92.398109 seconds.

Err_abs =

   2.8007e-03


Err_std =

   3.1568e-03


Err_norm =

   4.7875e+00

>> 