function fj_vd = fj_vdF(in1,in2,s)
%FJ_VDF
%    FJ_VD = FJ_VDF(IN1,IN2,S)

%    This function was generated by the Symbolic Math Toolbox version 8.0.
%    06-Feb-2019 23:09:41

u1 = in2(:,25);
u2 = in2(:,26);
u3 = in2(:,27);
u4 = in2(:,28);
u5 = in2(:,29);
u6 = in2(:,30);
u7 = in2(:,31);
u8 = in2(:,32);
u9 = in2(:,33);
u10 = in2(:,34);
u11 = in2(:,35);
u12 = in2(:,36);
u13 = in2(:,37);
u14 = in2(:,38);
u15 = in2(:,39);
u16 = in2(:,40);
u17 = in2(:,41);
u18 = in2(:,42);
u19 = in2(:,43);
u20 = in2(:,44);
u21 = in2(:,45);
u22 = in2(:,46);
u23 = in2(:,47);
u24 = in2(:,48);
fj_vd = [u1.*-1.0e2;u2.*-1.0e2;u3.*-1.0e2;u4.*(-1.0./2.0);u5.*(-1.0./2.0);u6.*(-1.0./2.0);u7.*-1.0e2;u8.*-1.0e2;u9.*-1.0e2;u10.*(-1.0./2.0);u11.*(-1.0./2.0);u12.*(-1.0./2.0);u13.*-1.0e2;u14.*-1.0e2;u15.*-1.0e2;u16.*(-1.0./2.0);u17.*(-1.0./2.0);u18.*(-1.0./2.0);u19.*-1.0e2;u20.*-1.0e2;u21.*-1.0e2;u22.*(-1.0./2.0);u23.*(-1.0./2.0);u24.*(-1.0./2.0)];
