function [out1,out2,out3,out4] = massF2(in1,in2,s,ds,t_sym)
%MASSF2
%    [OUT1,OUT2,OUT3,OUT4] = MASSF2(IN1,IN2,S,DS,T_SYM)

%    This function was generated by the Symbolic Math Toolbox version 8.6.
%    26-Feb-2021 19:39:58

g_x_ = in1(:,13);
g_y_ = in1(:,14);
g_z_ = in1(:,15);
l_s_ = in1(:,5);
lambda_ = in1(:,34);
q4 = in2(4,:);
q5 = in2(5,:);
q6 = in2(6,:);
q7 = in2(7,:);
q8 = in2(8,:);
q9 = in2(9,:);
q10 = in2(10,:);
q11 = in2(11,:);
q12 = in2(12,:);
r_p1_ = in1(:,19);
r_s1_ = in1(:,3);
r_s2_ = in1(:,4);
sigma_s_ = in1(:,1);
u4 = in2(22,:);
u5 = in2(23,:);
u6 = in2(24,:);
u7 = in2(25,:);
u8 = in2(26,:);
u9 = in2(27,:);
u10 = in2(28,:);
u11 = in2(29,:);
u12 = in2(30,:);
t2 = l_s_.^2;
t3 = lambda_.^2;
t4 = q4.^2;
t5 = q5.^2;
t6 = q6.^2;
t7 = q10.^2;
t8 = q11.^2;
t9 = q12.^2;
t10 = r_p1_.^2;
t11 = r_s1_.^2;
t12 = r_s2_.^2;
t13 = 1.0./lambda_;
t17 = l_s_./3.0;
t18 = l_s_./4.0;
t19 = l_s_./6.0;
t20 = q4./2.0;
t21 = q5./2.0;
t22 = q6./2.0;
t23 = q7./2.0;
t24 = q8./2.0;
t25 = q9./2.0;
t26 = q10./2.0;
t27 = q11./2.0;
t28 = q12./2.0;
t42 = (q4.*q10)./4.0;
t46 = (q4.*q11)./4.0;
t47 = (q5.*q10)./4.0;
t50 = (q4.*q12)./4.0;
t51 = (q5.*q11)./4.0;
t52 = (q6.*q10)./4.0;
t54 = (q5.*q12)./4.0;
t55 = (q6.*q11)./4.0;
t56 = (q6.*q12)./4.0;
t57 = (q10.*q11)./4.0;
t58 = (q10.*q12)./4.0;
t59 = (q11.*q12)./4.0;
t78 = l_s_./1.2e+1;
t93 = (l_s_.*q4)./2.4e+1;
t94 = (l_s_.*q5)./2.4e+1;
t95 = (l_s_.*q6)./2.4e+1;
t96 = (l_s_.*q10)./2.4e+1;
t97 = (l_s_.*q11)./2.4e+1;
t98 = (l_s_.*q12)./2.4e+1;
t99 = q5.*q10.*(-1.0./2.0);
t101 = q4.*q12.*(-1.0./2.0);
t104 = q6.*q11.*(-1.0./2.0);
t114 = q4.*u4.*(-1.0./2.0);
t115 = q5.*u5.*(-1.0./2.0);
t116 = q6.*u6.*(-1.0./2.0);
t128 = l_s_.*q10.*(-1.0./1.2e+1);
t139 = (l_s_.*q4.*q10)./4.8e+1;
t140 = (l_s_.*q4.*q11)./4.8e+1;
t141 = (l_s_.*q5.*q10)./4.8e+1;
t142 = (l_s_.*q4.*q12)./4.8e+1;
t143 = (l_s_.*q5.*q11)./4.8e+1;
t144 = (l_s_.*q6.*q10)./4.8e+1;
t145 = (l_s_.*q5.*q12)./4.8e+1;
t146 = (l_s_.*q6.*q11)./4.8e+1;
t147 = (l_s_.*q6.*q12)./4.8e+1;
t156 = l_s_.*q4.*q5.*(-1.0./2.4e+1);
t157 = l_s_.*q4.*q6.*(-1.0./2.4e+1);
t158 = l_s_.*q5.*q6.*(-1.0./2.4e+1);
t14 = t10.*6.0;
t15 = t11.*3.0;
t16 = t12.*3.0;
t29 = -t12;
t30 = q5.*t20;
t31 = q6.*t20;
t32 = q7.*t20;
t33 = q6.*t21;
t34 = q8.*t20;
t35 = q7.*t21;
t36 = q8.*t21;
t37 = q7.*t22;
t38 = q10.*t20;
t39 = q8.*t22;
t40 = q11.*t20;
t41 = q10.*t21;
t43 = q12.*t20;
t44 = q11.*t21;
t45 = q10.*t22;
t48 = q12.*t21;
t49 = q11.*t22;
t53 = q12.*t22;
t60 = t20.*u4;
t61 = t20.*u5;
t62 = t21.*u4;
t63 = t20.*u6;
t64 = t21.*u5;
t65 = t22.*u4;
t66 = t20.*u7;
t67 = t21.*u6;
t68 = t22.*u5;
t69 = t20.*u8;
t70 = t21.*u7;
t71 = t22.*u6;
t72 = t20.*u9;
t73 = t21.*u8;
t74 = t22.*u7;
t75 = t21.*u9;
t76 = t22.*u8;
t77 = t22.*u9;
t79 = -t20;
t80 = -t21;
t81 = -t22;
t82 = -t26;
t83 = -t27;
t84 = -t28;
t85 = t4./4.0;
t86 = t5./4.0;
t87 = t6./4.0;
t88 = q4.*t78;
t89 = q5.*t78;
t90 = q6.*t78;
t91 = q10.*t78;
t92 = q11.*t78;
t100 = -t42;
t102 = -t46;
t103 = -t47;
t105 = -t50;
t106 = -t51;
t107 = -t52;
t108 = -t54;
t109 = -t55;
t110 = -t56;
t111 = -t57;
t112 = -t58;
t113 = -t59;
t117 = q9+t17;
t118 = -t78;
t122 = t4./8.0;
t123 = t5./8.0;
t124 = t6./8.0;
t125 = t7./8.0;
t126 = t8./8.0;
t127 = t9./8.0;
t129 = -t93;
t130 = -t94;
t131 = -t95;
t132 = -t96;
t133 = -t97;
t134 = q5.*t93;
t135 = q6.*t93;
t136 = q6.*t94;
t137 = q12.*t96;
t138 = q12.*t97;
t150 = (l_s_.*t4)./4.8e+1;
t151 = (l_s_.*t5)./4.8e+1;
t152 = (l_s_.*t6)./4.8e+1;
t153 = (l_s_.*t7)./4.8e+1;
t154 = (l_s_.*t8)./4.8e+1;
t155 = (l_s_.*t9)./4.8e+1;
t159 = -t139;
t160 = -t140;
t161 = -t141;
t162 = -t142;
t163 = -t143;
t164 = -t144;
t165 = -t146;
t173 = t19+t25;
t177 = t26+t59;
t178 = t27+t58;
t179 = t28+t57;
t180 = (t2.*t3)./1.08e+2;
t185 = t42+t51-1.0;
t186 = t42+t56-1.0;
t187 = t51+t56-1.0;
t197 = t20+t26+t54;
t198 = t21+t27+t52;
t199 = t22+t28+t46;
t119 = -t85;
t120 = -t86;
t121 = -t87;
t148 = -t126;
t149 = -t127;
t166 = t11+t29;
t167 = -t150;
t168 = -t151;
t169 = -t152;
t170 = -t153;
t171 = -t154;
t172 = t15+t16;
t174 = (q4.*t117)./4.0;
t175 = (q5.*t117)./4.0;
t176 = (q6.*t117)./4.0;
t181 = t26+t113;
t182 = t27+t112;
t183 = t28+t111;
t188 = t88+t136;
t189 = t89+t135;
t190 = t90+t134;
t191 = q4+q10+t48+t104;
t192 = q5+q11+t45+t101;
t193 = q6+q12+t40+t99;
t194 = t20.*t173;
t195 = t21.*t173;
t196 = t22.*t173;
t200 = t88+t158;
t201 = t89+t157;
t202 = t90+t156;
t203 = t185.*u6;
t204 = t186.*u5;
t205 = t187.*u4;
t206 = t20+t26+t109;
t207 = t21+t27+t105;
t208 = t22+t28+t103;
t209 = t198.*u4;
t210 = t197.*u6;
t211 = t199.*u5;
t212 = t28+t46+t103;
t213 = t27+t52+t105;
t214 = t26+t54+t109;
t219 = t23+t92+t137;
t220 = t38+t44+t53-2.0;
t221 = t56+t185;
t243 = t24+t128+t138;
t252 = t109+t197;
t253 = t105+t198;
t254 = t103+t199;
t273 = t122+t123+t124+1.0./2.0;
t184 = t14+t166;
t215 = t206.*u5;
t216 = t208.*u4;
t217 = t207.*u6;
t218 = (t13.*t172)./1.2e+1;
t222 = t214.*u4;
t223 = t213.*u5;
t224 = t212.*u6;
t225 = (q4.*t191)./4.0;
t226 = (q4.*t192)./4.0;
t227 = (q4.*t193)./4.0;
t228 = (q5.*t191)./4.0;
t229 = (q5.*t192)./4.0;
t230 = (q5.*t193)./4.0;
t231 = (q6.*t191)./4.0;
t232 = (q6.*t192)./4.0;
t233 = (q6.*t193)./4.0;
t234 = (q10.*t191)./4.0;
t235 = (q10.*t192)./4.0;
t236 = (q10.*t193)./4.0;
t237 = (q11.*t191)./4.0;
t238 = (q11.*t192)./4.0;
t239 = (q11.*t193)./4.0;
t240 = (q12.*t191)./4.0;
t241 = (q12.*t192)./4.0;
t242 = (q12.*t193)./4.0;
t249 = t219.*u4;
t250 = t219.*u5;
t251 = t219.*u6;
t255 = t243.*u4;
t256 = t243.*u5;
t257 = t243.*u6;
t258 = t19.*t221;
t259 = (q4.*t220)./4.0;
t260 = (q5.*t220)./4.0;
t261 = (q6.*t220)./4.0;
t262 = (q10.*t220)./4.0;
t263 = (q11.*t220)./4.0;
t264 = (q12.*t220)./4.0;
t265 = l_s_.*t221.*(-1.0./6.0);
t266 = t78.*t221;
t267 = t88.*t221;
t268 = t89.*t221;
t269 = t90.*t221;
t270 = t91.*t221;
t271 = t92.*t221;
t274 = t19.*t252;
t275 = t19.*t253;
t276 = t19.*t254;
t277 = l_s_.*q6.*t221.*(-1.0./1.2e+1);
t278 = l_s_.*t252.*(-1.0./6.0);
t279 = l_s_.*t253.*(-1.0./6.0);
t280 = t78.*t252;
t281 = t78.*t253;
t282 = t78.*t254;
t283 = t273.*u10;
t284 = t273.*u11;
t285 = t273.*u12;
t286 = t125+t148+t149+1.0./2.0;
t287 = t125+t127+t148-1.0./2.0;
t288 = t125+t126+t149-1.0./2.0;
t289 = t88.*t252;
t290 = t88.*t253;
t291 = t88.*t254;
t292 = t89.*t252;
t293 = t89.*t253;
t294 = t89.*t254;
t295 = t90.*t252;
t296 = t90.*t253;
t297 = t90.*t254;
t298 = t91.*t252;
t299 = t91.*t253;
t300 = t91.*t254;
t301 = t92.*t252;
t302 = t92.*t253;
t303 = t92.*t254;
t307 = l_s_.*q5.*t252.*(-1.0./1.2e+1);
t308 = l_s_.*q5.*t253.*(-1.0./1.2e+1);
t309 = l_s_.*q6.*t253.*(-1.0./1.2e+1);
t310 = t128.*t253;
t312 = t78+t152+t167+t168;
t313 = t78+t151+t167+t169;
t314 = t78+t150+t168+t169;
t315 = t18+t25+t155+t170+t171;
t244 = sigma_s_.*t17.*t184.*pi;
t245 = -t234;
t246 = -t238;
t247 = -t242;
t248 = l_s_.*sigma_s_.*t184.*pi.*(-1.0./3.0);
t272 = q12.*t266;
t304 = q12.*t280;
t305 = q12.*t281;
t306 = q12.*t282;
t311 = t180+t218;
t316 = t315.*u4;
t317 = t315.*u5;
t318 = t315.*u6;
t321 = t78+t139+t143+t147+t266;
t322 = t118+t143+t147+t159+t266;
t323 = t118+t139+t147+t163+t266;
t325 = t93+t96+t145+t146+t280;
t326 = t95+t98+t140+t141+t282;
t331 = t96+t129+t145+t165+t280;
t332 = t93+t132+t145+t165+t280;
t333 = t97+t130+t144+t162+t281;
t334 = t94+t133+t144+t162+t281;
t335 = t94+t97+t162+t164+t281;
t336 = t98+t131+t140+t161+t282;
t337 = t95+t98+t160+t161+t282;
t338 = t222+t223+t224;
t347 = t100+t106+t110+t225+t229+t233+1.0;
t319 = sigma_s_.*t17.*t166.*t311.*pi;
t320 = l_s_.*sigma_s_.*t166.*t311.*pi.*(-1.0./3.0);
