function out1 = fj_kF(in1,in2,s)
%FJ_KF
%    OUT1 = FJ_KF(IN1,IN2,S)

%    This function was generated by the Symbolic Math Toolbox version 8.3.
%    14-Oct-2020 04:58:56

out1 = [0.0;0.0;0.0;0.0;0.0;0.0;0.0;0.0;0.0;0.0;0.0;0.0;0.0;0.0;0.0;0.0;0.0;0.0;0.0;0.0;0.0;0.0;0.0;0.0;0.0;0.0;0.0;0.0;0.0;0.0;0.0;0.0];
