function out1 = fj_vdF(in1,in2,s)
%FJ_VDF
%    OUT1 = FJ_VDF(IN1,IN2,S)

%    This function was generated by the Symbolic Math Toolbox version 8.3.
%    14-Oct-2020 04:58:57

out1 = [0.0;0.0;0.0;0.0;0.0;0.0;0.0;0.0;0.0;0.0;0.0;0.0;0.0;0.0;0.0;0.0;0.0;0.0;0.0;0.0;0.0;0.0;0.0;0.0;0.0;0.0;0.0;0.0;0.0;0.0;0.0;0.0];
