function [out1,out2,out3,out4] = massF3(in1,in2,s,ds,t_sym)
%MASSF3
%    [OUT1,OUT2,OUT3,OUT4] = MASSF3(IN1,IN2,S,DS,T_SYM)

%    This function was generated by the Symbolic Math Toolbox version 8.6.
%    26-Feb-2021 19:41:06

g_x_ = in1(:,13);
g_y_ = in1(:,14);
g_z_ = in1(:,15);
l_s_ = in1(:,5);
lambda_ = in1(:,34);
q4 = in2(4,:);
q5 = in2(5,:);
q6 = in2(6,:);
q7 = in2(7,:);
q8 = in2(8,:);
q9 = in2(9,:);
q10 = in2(10,:);
q11 = in2(11,:);
q12 = in2(12,:);
q13 = in2(13,:);
q14 = in2(14,:);
q15 = in2(15,:);
q16 = in2(16,:);
q17 = in2(17,:);
q18 = in2(18,:);
r_p1_ = in1(:,19);
r_s1_ = in1(:,3);
r_s2_ = in1(:,4);
sigma_s_ = in1(:,1);
u4 = in2(22,:);
u5 = in2(23,:);
u6 = in2(24,:);
u7 = in2(25,:);
u8 = in2(26,:);
u9 = in2(27,:);
u10 = in2(28,:);
u11 = in2(29,:);
u12 = in2(30,:);
u13 = in2(31,:);
u14 = in2(32,:);
u15 = in2(33,:);
u16 = in2(34,:);
u17 = in2(35,:);
u18 = in2(36,:);
t2 = l_s_.^2;
t3 = lambda_.^2;
t4 = q4.^2;
t5 = q5.^2;
t6 = q6.^2;
t7 = r_p1_.^2;
t8 = r_s1_.^2;
t9 = r_s2_.^2;
t10 = 1.0./lambda_;
t14 = l_s_./3.0;
t15 = l_s_./6.0;
t16 = q4./2.0;
t17 = q5./2.0;
t18 = q4./4.0;
t19 = q6./2.0;
t20 = q5./4.0;
t21 = q7./2.0;
t22 = q6./4.0;
t23 = q8./2.0;
t24 = q9./2.0;
t25 = q10./2.0;
t26 = q11./2.0;
t27 = q10./4.0;
t28 = q12./2.0;
t29 = q11./4.0;
t30 = q13./2.0;
t31 = q12./4.0;
t32 = q14./2.0;
t33 = q15./2.0;
t34 = q16./2.0;
t35 = q15./4.0;
t36 = q17./2.0;
t37 = q16./4.0;
t38 = q18./2.0;
t39 = q17./4.0;
t40 = q18./4.0;
t118 = l_s_./1.2e+1;
t143 = q5.*q10.*(-1.0./2.0);
t144 = q4.*q12.*(-1.0./2.0);
t145 = q4.*q11.*(-1.0./4.0);
t146 = q5.*q10.*(-1.0./4.0);
t147 = q6.*q11.*(-1.0./2.0);
t148 = q4.*q12.*(-1.0./4.0);
t149 = q6.*q10.*(-1.0./4.0);
t150 = q4.*q13.*(-1.0./4.0);
t151 = q5.*q12.*(-1.0./4.0);
t152 = q6.*q11.*(-1.0./4.0);
t153 = (q4.*q10)./8.0;
t154 = q4.*q14.*(-1.0./4.0);
t155 = q5.*q13.*(-1.0./4.0);
t156 = (q4.*q11)./8.0;
t157 = (q5.*q10)./8.0;
t158 = q5.*q14.*(-1.0./4.0);
t159 = q6.*q13.*(-1.0./4.0);
t160 = (q4.*q12)./8.0;
t161 = q4.*q16.*(-1.0./4.0);
t162 = (q5.*q11)./8.0;
t163 = (q6.*q10)./8.0;
t164 = (q4.*q13)./8.0;
t165 = q4.*q17.*(-1.0./4.0);
t166 = (q5.*q12)./8.0;
t167 = (q6.*q11)./8.0;
t168 = (q4.*q14)./8.0;
t169 = (q5.*q13)./8.0;
t170 = q5.*q17.*(-1.0./4.0);
t171 = (q6.*q12)./8.0;
t172 = q6.*q16.*(-1.0./4.0);
t173 = (q5.*q14)./8.0;
t174 = q5.*q18.*(-1.0./4.0);
t175 = (q6.*q13)./8.0;
t176 = (q4.*q16)./8.0;
t177 = (q6.*q14)./8.0;
t178 = q6.*q18.*(-1.0./4.0);
t179 = q11.*q13.*(-1.0./4.0);
t180 = (q4.*q17)./8.0;
t181 = (q5.*q16)./8.0;
t182 = (q4.*q18)./8.0;
t183 = (q5.*q17)./8.0;
t184 = (q6.*q16)./8.0;
t185 = q12.*q14.*(-1.0./4.0);
t186 = (q5.*q18)./8.0;
t187 = (q6.*q17)./8.0;
t188 = (q10.*q13)./8.0;
t189 = q11.*q16.*(-1.0./4.0);
t190 = (q6.*q18)./8.0;
t191 = (q10.*q14)./8.0;
t192 = q10.*q18.*(-1.0./4.0);
t193 = (q11.*q13)./8.0;
t194 = (q11.*q14)./8.0;
t195 = (q12.*q13)./8.0;
t196 = q12.*q17.*(-1.0./4.0);
t197 = (q10.*q16)./8.0;
t198 = (q12.*q14)./8.0;
t199 = (q10.*q17)./8.0;
t200 = (q11.*q16)./8.0;
t201 = (q10.*q18)./8.0;
t202 = (q11.*q17)./8.0;
t203 = (q12.*q16)./8.0;
t204 = (q11.*q18)./8.0;
t205 = (q12.*q17)./8.0;
t206 = (q12.*q18)./8.0;
t207 = q4.*u4.*(-1.0./2.0);
t208 = q5.*u5.*(-1.0./2.0);
t209 = q6.*u6.*(-1.0./2.0);
t11 = t7.*6.0;
t12 = t8.*3.0;
t13 = t9.*3.0;
t41 = -t9;
t42 = q5.*t16;
t43 = q6.*t16;
t44 = q7.*t16;
t45 = q6.*t17;
t46 = q8.*t16;
t47 = q7.*t17;
t48 = q8.*t17;
t49 = q7.*t19;
t50 = q10.*t16;
t51 = q8.*t19;
t52 = q11.*t16;
t53 = q10.*t17;
t54 = q10.*t18;
t55 = q12.*t16;
t56 = q11.*t17;
t57 = q10.*t19;
t58 = q11.*t18;
t59 = q10.*t20;
t60 = q12.*t17;
t61 = q11.*t19;
t62 = q12.*t18;
t63 = q11.*t20;
t64 = q10.*t22;
t65 = q12.*t19;
t66 = q13.*t18;
t67 = q12.*t20;
t68 = q11.*t22;
t69 = q14.*t18;
t70 = q13.*t20;
t71 = q12.*t22;
t72 = q14.*t20;
t73 = q13.*t22;
t74 = q16.*t18;
t75 = q14.*t22;
t76 = q17.*t18;
t77 = q16.*t20;
t78 = q18.*t18;
t79 = q17.*t20;
t80 = q16.*t22;
t81 = q18.*t20;
t82 = q17.*t22;
t83 = q13.*t27;
t84 = q18.*t22;
t85 = q14.*t27;
t86 = q13.*t29;
t87 = q14.*t29;
t88 = q13.*t31;
t89 = q16.*t27;
t90 = q14.*t31;
t91 = q17.*t27;
t92 = q16.*t29;
t93 = q18.*t27;
t94 = q17.*t29;
t95 = q16.*t31;
t96 = q18.*t29;
t97 = q17.*t31;
t98 = q18.*t31;
t99 = t16.*u4;
t100 = t16.*u5;
t101 = t17.*u4;
t102 = t16.*u6;
t103 = t17.*u5;
t104 = t19.*u4;
t105 = t16.*u7;
t106 = t17.*u6;
t107 = t19.*u5;
t108 = t16.*u8;
t109 = t17.*u7;
t110 = t19.*u6;
t111 = t16.*u9;
t112 = t17.*u8;
t113 = t19.*u7;
t114 = t17.*u9;
t115 = t19.*u8;
t116 = t19.*u9;
t117 = -t15;
t119 = -t16;
t120 = -t17;
t121 = -t18;
t122 = -t19;
t123 = -t20;
t124 = -t22;
t125 = -t25;
t126 = -t26;
t127 = -t27;
t128 = -t28;
t129 = -t29;
t130 = -t30;
t131 = -t31;
t132 = -t32;
t133 = -t33;
t134 = -t34;
t135 = -t36;
t136 = -t37;
t137 = -t38;
t138 = -t39;
t139 = -t40;
t140 = t4./4.0;
t141 = t5./4.0;
t142 = t6./4.0;
t210 = q9+t14;
t211 = q15+t14;
t215 = -t156;
t216 = -t157;
t217 = -t160;
t218 = -t163;
t219 = -t164;
t220 = -t166;
t221 = -t167;
t222 = -t168;
t223 = -t169;
t224 = -t173;
t225 = -t175;
t226 = -t176;
t227 = -t180;
t228 = -t183;
t229 = -t184;
t230 = -t186;
t231 = -t190;
t232 = -t191;
t233 = -t193;
t234 = -t195;
t235 = -t198;
t236 = -t200;
t237 = -t201;
t238 = -t205;
t241 = t15+t24;
t251 = (t2.*t3)./1.08e+2;
t252 = t35+t118;
t305 = t15+t33+t154+t155;
t315 = t153+t162+t171-1.0./2.0;
t319 = t197+t202+t206-1.0./2.0;
t212 = -t140;
t213 = -t141;
t214 = -t142;
t239 = t8+t41;
t240 = t12+t13;
t242 = t18.*t210;
t243 = t20.*t210;
t244 = t22.*t210;
t245 = t18.*t211;
t246 = t20.*t211;
t247 = t22.*t211;
t248 = t27.*t211;
t249 = t29.*t211;
t250 = t31.*t211;
t253 = q5.*t211.*(-1.0./4.0);
t254 = q6.*t211.*(-1.0./4.0);
t255 = (q4.*t211)./8.0;
t256 = (q5.*t211)./8.0;
t257 = (q6.*t211)./8.0;
t258 = q10.*t211.*(-1.0./4.0);
t259 = (q10.*t211)./8.0;
t260 = (q11.*t211)./8.0;
t261 = (q12.*t211)./8.0;
t267 = t16.*t241;
t268 = t17.*t241;
t269 = t19.*t241;
t271 = t54+t63+t71-1.0;
t272 = t79+t84+t161+1.0;
t273 = t74+t84+t170+1.0;
t274 = t74+t79+t178+1.0;
t275 = t89+t94+t98-1.0;
t278 = t15+t33+t69+t70;
t285 = t15+t33+t70+t154;
t286 = t15+t33+t85+t179;
t287 = t16+t25+t67+t152;
t288 = t17+t26+t64+t148;
t289 = t19+t28+t58+t146;
t290 = t34+t81+t82+t119;
t291 = t16+t81+t82+t134;
t292 = t16+t34+t82+t174;
t293 = t36+t78+t80+t120;
t294 = t17+t78+t80+t135;
t295 = t17+t36+t78+t172;
t296 = t38+t76+t77+t122;
t297 = t19+t76+t77+t137;
t298 = t19+t38+t77+t165;
t299 = t25+t34+t96+t196;
t300 = t26+t36+t95+t192;
t301 = t28+t38+t91+t189;
t316 = t183+t190+t226+1.0./2.0;
t317 = t176+t190+t228+1.0./2.0;
t318 = t176+t183+t231+1.0./2.0;
t338 = t18+t27+t166+t221;
t339 = t20+t29+t163+t217;
t340 = t22+t31+t156+t216;
t341 = t37+t121+t186+t187;
t342 = t18+t136+t186+t187;
t343 = t18+t37+t187+t230;
t344 = t39+t123+t182+t184;
t345 = t20+t138+t182+t184;
t346 = t20+t39+t182+t229;
t347 = t40+t124+t180+t181;
t348 = t22+t139+t180+t181;
t349 = t22+t40+t181+t227;
t350 = t27+t37+t204+t238;
t351 = t29+t39+t203+t237;
t352 = t31+t40+t199+t236;
t395 = t315.^2;
t396 = t319.^2;
t480 = t18.*t305;
t481 = t20.*t305;
t483 = t22.*t305;
t485 = t27.*t305;
t487 = t29.*t305;
t489 = t31.*t305;
t573 = q5.*t305.*(-1.0./4.0);
t574 = q6.*t305.*(-1.0./4.0);
t575 = q10.*t305.*(-1.0./4.0);
t1028 = t14.*t315.*t319;
t1186 = l_s_.*t315.*t319.*(-1.0./3.0);
t262 = -t256;
t263 = -t257;
t264 = -t259;
t265 = -t260;
t266 = t11+t239;
t270 = (t10.*t240)./1.2e+1;
t279 = t271.^2;
t280 = q13.*t271;
t281 = q14.*t271;
t282 = q16.*t271;
t283 = q17.*t271;
t284 = q18.*t271;
t302 = t32+t73+t245;
t303 = t30+t75+t246;
t304 = t83+t87+t250;
t306 = t73+t132+t245;
t307 = t32+t159+t245;
t308 = t75+t130+t246;
t309 = t30+t75+t253;
t310 = t32+t88+t258;
t311 = t30+t185+t249;
t320 = t72+t150+t247;
