exp. data... 
start... 
Elapsed time is 0.000243 seconds.
check inputs... 
Elapsed time is 0.089458 seconds.

t_equil_i =

     7

equlibrium point... 
Elapsed time is 0.659135 seconds.
animation... 
Elapsed time is 0.671431 seconds.

t_equil_i =

     0

equlibrium point... 
Elapsed time is 0.933513 seconds.
animation... 
Elapsed time is 0.934511 seconds.
dynamic sim... 
Elapsed time is 1.028602 seconds.
generate EOM_mex... 
Elapsed time is 1.035988 seconds.
mex file generated. continue... 
Elapsed time is 1.078520 seconds.

t_start_end =

     7    54


t =

   7.0000e+00


t =

   8.0000e+00


t =

   9.0004e+00


t =

   1.0001e+01


t =

   1.1001e+01


t =

   1.2001e+01


t =

   1.3002e+01


t =

   1.4004e+01


t =

   1.5009e+01


t =

   1.6011e+01


t =

   1.7017e+01


t =

   1.8019e+01


t =

   1.9021e+01


t =

   2.0022e+01


t =

   2.1023e+01


t =

   2.2031e+01


t =

   2.3052e+01


t =

   2.4056e+01


t =

   2.5070e+01


t =

   2.6074e+01


t =

   2.7083e+01


t =

   2.8084e+01


t =

   2.9086e+01


t =

   3.0089e+01


t =

   3.1111e+01


t =

   3.2115e+01


t =

   3.3127e+01


t =

   3.4132e+01


t =

   3.5135e+01


t =

   3.6140e+01


t =

   3.7146e+01


t =

   3.8150e+01


t =

   3.9150e+01


t =

   4.0151e+01


t =

   4.1151e+01


t =

   4.2152e+01


t =

   4.3153e+01


t =

   4.4156e+01


t =

   4.5158e+01


t =

   4.6164e+01


t =

   4.7172e+01


t =

   4.8174e+01


t =

   4.9179e+01


t =

   5.0187e+01


t =

   5.1192e+01


t =

   5.2195e+01


t =

   5.3198e+01

animation... 
Elapsed time is 48.550615 seconds.
sim. end... 
post-processing... 
Elapsed time is 49.762410 seconds.

Err_abs =

   4.5131e-03


Err_std =

   5.5426e-03


Err_norm =

   7.7146e+00

>> 