function fj_vd = fj_vdF(in1,in2,s)
%FJ_VDF
%    FJ_VD = FJ_VDF(IN1,IN2,S)

%    This function was generated by the Symbolic Math Toolbox version 8.0.
%    15-Feb-2019 04:40:25

u1 = in2(:,31);
u2 = in2(:,32);
u3 = in2(:,33);
u4 = in2(:,34);
u5 = in2(:,35);
u6 = in2(:,36);
u7 = in2(:,37);
u8 = in2(:,38);
u9 = in2(:,39);
u10 = in2(:,40);
u11 = in2(:,41);
u12 = in2(:,42);
u13 = in2(:,43);
u14 = in2(:,44);
u15 = in2(:,45);
u16 = in2(:,46);
u17 = in2(:,47);
u18 = in2(:,48);
u19 = in2(:,49);
u20 = in2(:,50);
u21 = in2(:,51);
u22 = in2(:,52);
u23 = in2(:,53);
u24 = in2(:,54);
u25 = in2(:,55);
u26 = in2(:,56);
u27 = in2(:,57);
u28 = in2(:,58);
u29 = in2(:,59);
u30 = in2(:,60);
fj_vd = [u1.*-1.0e2;u2.*-1.0e2;u3.*-1.0e2;u4.*(-1.0./2.0);u5.*(-1.0./2.0);u6.*(-1.0./2.0);u7.*-1.0e2;u8.*-1.0e2;u9.*-1.0e2;u10.*(-1.0./2.0);u11.*(-1.0./2.0);u12.*(-1.0./2.0);u13.*-1.0e2;u14.*-1.0e2;u15.*-1.0e2;u16.*(-1.0./2.0);u17.*(-1.0./2.0);u18.*(-1.0./2.0);u19.*-1.0e2;u20.*-1.0e2;u21.*-1.0e2;u22.*(-1.0./2.0);u23.*(-1.0./2.0);u24.*(-1.0./2.0);u25.*-1.0e2;u26.*-1.0e2;u27.*-1.0e2;u28.*(-1.0./2.0);u29.*(-1.0./2.0);u30.*(-1.0./2.0)];
