function fgC = fgCF(lambdal,in2,in3)
%FGCF
%    FGC = FGCF(LAMBDAL,IN2,IN3)

%    This function was generated by the Symbolic Math Toolbox version 7.1.
%    29-Sep-2017 11:21:41

fgC = [0.0;0.0;1.820795454545455;0.0;0.0;1.820795454545455;0.0;0.0;1.820795454545455;0.0;0.0;0.0;0.0;0.0;0.0;0.0;0.0;0.0];
