function fj = fjF(lambdal,in2)
%FJF
%    FJ = FJF(LAMBDAL,IN2)

%    This function was generated by the Symbolic Math Toolbox version 7.1.
%    29-Sep-2017 11:21:43

q1 = in2(:,1);
q2 = in2(:,2);
q3 = in2(:,3);
q4 = in2(:,4);
q5 = in2(:,5);
q6 = in2(:,6);
u1 = in2(:,7);
u2 = in2(:,8);
u3 = in2(:,9);
u4 = in2(:,10);
u5 = in2(:,11);
u6 = in2(:,12);
t2 = 1.0./lambdal.^2;
t3 = 1.0./lambdal.^3;
fj = [u1.*(-1.0./1.0e3)-t2.*(q1-1.1e1./7.5e2).*4.219730132435382e3;u2.*(-4.0e-5)-t3.*(q2-1.0./1.0e3).*1.385027348703577e-1;u3.*(-1.0./1.0e3)-t2.*(q3-1.1e1./7.5e2).*4.219730132435382e3;u4.*(-4.0e-5)-t3.*(q4-1.0./1.0e3).*1.385027348703577e-1;u5.*(-1.0./1.0e3)-t2.*(q5-1.1e1./7.5e2).*4.219730132435382e3;u6.*(-4.0e-5)-t3.*(q6-1.0./1.0e3).*1.385027348703577e-1];
