exp. data... 
start... 
Elapsed time is 0.000186 seconds.
check inputs... 
Elapsed time is 0.076940 seconds.

t_equil_i =

     7

equlibrium point... 
Elapsed time is 0.656542 seconds.
animation... 
Elapsed time is 0.668147 seconds.

t_equil_i =

     0

equlibrium point... 
Elapsed time is 0.884132 seconds.
animation... 
Elapsed time is 0.884992 seconds.
dynamic sim... 
Elapsed time is 0.974715 seconds.
generate EOM_mex... 
Elapsed time is 0.982109 seconds.
mex file generated. continue... 
Elapsed time is 1.023052 seconds.

t_start_end =

     7    54


t =

   7.0000e+00


t =

   8.0000e+00


t =

   9.0000e+00


t =

   1.0000e+01


t =

   1.1000e+01


t =

   1.2000e+01


t =

   1.3000e+01


t =

   1.4001e+01


t =

   1.5001e+01


t =

   1.6001e+01


t =

   1.7002e+01


t =

   1.8003e+01


t =

   1.9003e+01


t =

   2.0004e+01


t =

   2.1007e+01


t =

   2.2014e+01


t =

   2.3019e+01


t =

   2.4024e+01


t =

   2.5035e+01


t =

   2.6039e+01


t =

   2.7044e+01


t =

   2.8045e+01


t =

   2.9045e+01


t =

   3.0046e+01


t =

   3.1048e+01


t =

   3.2050e+01


t =

   3.3050e+01


t =

   3.4050e+01


t =

   3.5050e+01


t =

   3.6050e+01


t =

   3.7050e+01


t =

   3.8050e+01


t =

   3.9050e+01


t =

   4.0050e+01


t =

   4.1050e+01


t =

   4.2050e+01


t =

   4.3050e+01


t =

   4.4050e+01


t =

   4.5050e+01


t =

   4.6050e+01


t =

   4.7050e+01


t =

   4.8050e+01


t =

   4.9050e+01


t =

   5.0050e+01


t =

   5.1050e+01


t =

   5.2051e+01


t =

   5.3051e+01

animation... 
Elapsed time is 279.179699 seconds.
sim. end... 
post-processing... 
Elapsed time is 280.698611 seconds.

Err_abs =

   3.0559e-03


Err_std =

   3.9002e-03


Err_norm =

   5.2238e+00

>> 